All coordinates to bottom center
********
Level 1:
********
Slime (4)
---------
241, 512
304, 640
529, 640
753, 640

Splitter (9)
------------
272, 256
1112, 1025
432, 1024
912, 767
1584, 257
1295, 448
1584, 896
1968, 768
1936, 384

Shooter (10)
------------
463, 864
593, 576
912, 384
718, 512
1136, 639
783, 897
1488, 128
1358, 255
2160, 640
2160, 128

********
Level 2:
********
Slime (1)
---------
336, 481

Splitter (12)
-------------
720, 288
688, 512
304, 704
240, 993
109, 1120
944, 991
848, 1376
304, 1568
528, 1696
751, 1824
1071, 1536
1008, 512

Shooter (13)
------------
753, 128
688, 385
368, 351
79, 384
432, 512
80, 799
688, 992
336, 1183
624, 1248
688, 1567
1105, 1792
1168, 1952
1040, 128

********
Level 3:
********
Slime (1)
---------
2064, 511

Splitter (16)
-------------
880, 223
204, 448
784, 639
529, 1088
785, 1088
208, 1313
976, 225
1039, 222
1136, 224
1264, 225
1230, 608
1104, 1312
1233, 1310
1393, 1312
1969, 1088
2161, 1312

Shooter (19)
------------
47, 128
336, 321
560, 224
48, 672
337, 673
495, 640
369, 895
79, 1089
47, 1313
1680, 639
1072, 768
1424, 768
1040, 1088
1457, 1088
1744, 1088
2256, 1024
1743, 1089
1904, 896
2096, 800